229
186
175
198
185
199
187
201
183
197
204
210
193
206
182
188
203
202
195
207
203
205
200
156
206
201
194
186
177
197
186
180
211
202
204
196
225
226
208
210
185
187
177
194
189
205
177
193
217
181
164
175
197
177
179
181
202
195
211
190
185
166
200
180
187
160
188
189
196
188
200
221
192
191
180
206
208
207
221
172
197
201
214
189
207
205
199
211
199
193
192
219
192
193
193
199
195
208
193
181
210
189
199
231
197
202
189
193
176
197
222
200
201
208
188
190
203
206
198
219
194
219
187
185
196
193
196
198
187
187
184
187
184
212
185
190
187
195
203
193
200
193
189
215
192
170
191
166
203
213
191
191
201
198
171
198
199
190
168
186
193
215
173
167
191
202
185
190
164
199
204
193
204
173
191
194
206
190
181
187
186
188
174
189
193
189
198
195
190
196
165
209
174
218
189
200
185
218
195
201
184
190
200
183
206
199
207
198
192
188
179
195
188
204
201
220
199
189
172
196
186
205
202
178
195
184
182
198
178
208
214
199
178
193
183
206
172
217
187
202
169
167
199
211
208
199
202
172
195
198
180
177
203
209
208
181
193
195
211
202
207
185
204
216
199
188
184
192
195
187
190
189
188
194
184
210
197
196
194
226
204
211
178
187
191
187
197
181
186
187
183
180
188
173
181
200
206
214
219
190
217
203
209
180
198
192
216
219
202
212
210
195
174
181
181
189
188
204
190
170
196
187
222
184
175
204
208
198
194
230
211
184
183
188
187
199
200
189
204
193
187
193
203
180
197
185
170
183
169
190
205
211
196
178
192
192
200
190
173
213
205
210
201
242
191
210
188
197
213
180
227
197
180
191
207
201
192
173
200
192
202
181
192
185
210
183
176
196
199
183
203
192
198
201
159
185
188
188
181